A0113538J
105.1062546
106.8302974
106.6807615
104.400046
105.5712853
106.4195834
108.2226916
106.6087795
104.9971577
107.0171731
108.8460078
108.0688055
110.3297232
107.9267459
106.7697077
108.0298181
108.5182609
110.4565066
110.874395
111.681562
114.148761
111.5059143
112.6666062
112.8945906
114.9344625
116.0955779
119.4525256
122.6657755
121.9056099
121.7563298
123.908435
126.0664464
126.2417227
125.3864826
113.7315012
116.3022901
113.5100562
114.5096159
116.1248196
118.3657959
117.8063849
118.7391176
120.9584022
120.8443123
120.0873223
121.8594156
124.1357493
127.4329815
129.0355862
130.0258744
131.4519429
126.6382322
124.2593629
128.0960887
127.5970323
130.2142829
133.6044535
131.2660408
131.6643006
136.3047985
138.2680154
137.4090609
138.6092912
140.6406555
142.4229668
145.9813909
144.3448235
134.2114779
135.2519661
118.6452402
118.0656778
118.7773302
120.9437981
119.5401432
116.8798806